{
  "accessors": [
    {
      "bufferView": 2,
      "componentType": 5126,
      "count": 3280,
      "max": [
        42.0,
        48.0,
        40.0
      ],
      "min": [
        8.0,
        5.0,
        22.0
      ],
      "type": "VEC3"
    },
    {
      "bufferView": 2,
      "byteOffset": 39360,
      "componentType": 5126,
      "count": 3280,
      "max": [
        1.0,
        1.0,
        1.0
      ],
      "min": [
        -1.0,
        -1.0,
        -1.0
      ],
      "type": "VEC3"
    },
    {
      "bufferView": 1,
      "componentType": 5126,
      "count": 3280,
      "max": [
        0.99609375,
        0.828125
      ],
      "min": [
        0.00390625,
        0.0078125
      ],
      "type": "VEC2"
    },
    {
      "bufferView": 0,
      "componentType": 5125,
      "count": 4920,
      "type": "SCALAR"
    },
    {
      "bufferView": 2,
      "byteOffset": 78720,
      "componentType": 5126,
      "count": 260,
      "max": [
        29.0,
        22.0,
        22.0
      ],
      "min": [
        2.0,
        8.0,
        17.0
      ],
      "type": "VEC3"
    },
    {
      "bufferView": 2,
      "byteOffset": 81840,
      "componentType": 5126,
      "count": 260,
      "max": [
        1.0,
        1.0,
        1.0
      ],
      "min": [
        -1.0,
        -1.0,
        -1.0
      ],
      "type": "VEC3"
    },
    {
      "bufferView": 1,
      "byteOffset": 26240,
      "componentType": 5126,
      "count": 260,
      "max": [
        0.98828125,
        0.7578125
      ],
      "min": [
        0.00390625,
        0.0078125
      ],
      "type": "VEC2"
    },
    {
      "bufferView": 0,
      "byteOffset": 19680,
      "componentType": 5125,
      "count": 390,
      "type": "SCALAR"
    },
    {
      "bufferView": 2,
      "byteOffset": 84960,
      "componentType": 5126,
      "count": 128,
      "max": [
        28.0,
        22.0,
        20.0
      ],
      "min": [
        3.0,
        16.0,
        14.0
      ],
      "type": "VEC3"
    },
    {
      "bufferView": 2,
      "byteOffset": 86496,
      "componentType": 5126,
      "count": 128,
      "max": [
        1.0,
        1.0,
        1.0
      ],
      "min": [
        -1.0,
        -1.0,
        -1.0
      ],
      "type": "VEC3"
    },
    {
      "bufferView": 1,
      "byteOffset": 28320,
      "componentType": 5126,
      "count": 128,
      "max": [
        0.99609375,
        0.6875
      ],
      "min": [
        0.00390625,
        0.1328125
      ],
      "type": "VEC2"
    },
    {
      "bufferView": 0,
      "byteOffset": 21240,
      "componentType": 5125,
      "count": 192,
      "type": "SCALAR"
    },
    {
      "bufferView": 2,
      "byteOffset": 88032,
      "componentType": 5126,
      "count": 128,
      "max": [
        27.0,
        18.0,
        18.0
      ],
      "min": [
        2.0,
        12.0,
        12.0
      ],
      "type": "VEC3"
    },
    {
      "bufferView": 2,
      "byteOffset": 89568,
      "componentType": 5126,
      "count": 128,
      "max": [
        1.0,
        1.0,
        1.0
      ],
      "min": [
        -1.0,
        -1.0,
        -1.0
      ],
      "type": "VEC3"
    },
    {
      "bufferView": 1,
      "byteOffset": 29344,
      "componentType": 5126,
      "count": 128,
      "max": [
        0.98828125,
        0.6875
      ],
      "min": [
        0.00390625,
        0.1328125
      ],
      "type": "VEC2"
    },
    {
      "bufferView": 0,
      "byteOffset": 22008,
      "componentType": 5125,
      "count": 192,
      "type": "SCALAR"
    }
  ],
  "asset": {
    "extras": {
      "author": "Business boy (https://sketchfab.com/Baboyo)",
      "license": "CC-BY-4.0 (http://creativecommons.org/licenses/by/4.0/)",
      "source": "https://sketchfab.com/3d-models/falling-game-boy-7dbeed5b1dee411eae1dc759f6c09a7c",
      "title": "Falling Game boy"
    },
    "generator": "Sketchfab-12.68.0",
    "version": "2.0"
  },
  "bufferViews": [
    {
      "buffer": 0,
      "byteLength": 22776,
      "name": "floatBufferViews",
      "target": 34963
    },
    {
      "buffer": 0,
      "byteLength": 30368,
      "byteOffset": 22776,
      "byteStride": 8,
      "name": "floatBufferViews",
      "target": 34962
    },
    {
      "buffer": 0,
      "byteLength": 91104,
      "byteOffset": 53144,
      "byteStride": 12,
      "name": "floatBufferViews",
      "target": 34962
    }
  ],
  "buffers": [
    {
      "byteLength": 144248,
      "uri": "scene.bin"
    }
  ],
  "extensionsUsed": [
    "KHR_materials_clearcoat"
  ],
  "images": [
    {
      "uri": "textures/Businessboy2_material_baseColor.png"
    },
    {
      "uri": "textures/Businessboy2_material_metallicRoughness.png"
    },
    {
      "uri": "textures/Businessboy2_material_emissive.png"
    },
    {
      "uri": "textures/Businessboy2_material_clearcoat.png"
    }
  ],
  "materials": [
    {
      "doubleSided": true,
      "emissiveFactor": [
        0.7467212666216734,
        0.7467212666216734,
        0.7467212666216734
      ],
      "emissiveTexture": {
        "index": 2
      },
      "extensions": {
        "KHR_materials_clearcoat": {
          "clearcoatFactor": 1.0,
          "clearcoatRoughnessFactor": 0.04,
          "clearcoatTexture": {
            "index": 3
          }
        }
      },
      "name": "Businessboy2_material",
      "pbrMetallicRoughness": {
        "baseColorTexture": {
          "index": 0
        },
        "metallicRoughnessTexture": {
          "index": 1
        },
        "roughnessFactor": 0.7885257473118872
      }
    }
  ],
  "meshes": [
    {
      "name": "Matrix.001_Businessboy2_material_0",
      "primitives": [
        {
          "attributes": {
            "NORMAL": 1,
            "POSITION": 0,
            "TEXCOORD_0": 2
          },
          "indices": 3,
          "material": 0,
          "mode": 4
        }
      ]
    },
    {
      "name": "Matrix_1_Businessboy2_material_0",
      "primitives": [
        {
          "attributes": {
            "NORMAL": 5,
            "POSITION": 4,
            "TEXCOORD_0": 6
          },
          "indices": 7,
          "material": 0,
          "mode": 4
        }
      ]
    },
    {
      "name": "Matrix_2_Businessboy2_material_0",
      "primitives": [
        {
          "attributes": {
            "NORMAL": 9,
            "POSITION": 8,
            "TEXCOORD_0": 10
          },
          "indices": 11,
          "material": 0,
          "mode": 4
        }
      ]
    },
    {
      "name": "Matrix_3_Businessboy2_material_0",
      "primitives": [
        {
          "attributes": {
            "NORMAL": 13,
            "POSITION": 12,
            "TEXCOORD_0": 14
          },
          "indices": 15,
          "material": 0,
          "mode": 4
        }
      ]
    }
  ],
  "nodes": [
    {
      "children": [
        1
      ],
      "matrix": [
        0.987631618976593,
        0.05765408277511593,
        0.14580751955509186,
        0.0,
        0.14964373409748077,
        -0.06901057064533211,
        -0.9863287210464478,
        0.0,
        -0.04680361598730087,
        0.9959485530853271,
        -0.0767845958471296,
        0.0,
        -1.3591409921646118,
        -10.533168792724611,
        4.775432109832761,
        1.0
      ],
      "name": "Sketchfab_model"
    },
    {
      "children": [
        2
      ],
      "matrix": [
        1.0,
        0.0,
        0.0,
        0.0,
        0.0,
        0.0,
        1.0,
        0.0,
        0.0,
        -1.0,
        0.0,
        0.0,
        0.0,
        0.0,
        0.0,
        1.0
      ],
      "name": "c70a4d7643c948549c4976c64bfabb6c.fbx"
    },
    {
      "children": [
        3,
        6,
        8,
        10,
        12,
        14
      ],
      "name": "RootNode"
    },
    {
      "children": [
        4
      ],
      "matrix": [
        -29.08647719990347,
        -5.518906457566863,
        -95.51711910171437,
        0.0,
        56.63930913109449,
        79.46723428563203,
        -21.83912397841966,
        0.0,
        77.11008775993375,
        -60.45246356562044,
        -19.98834696773717,
        0.0,
        407.6245422363281,
        590.38623046875,
        -100.54539489746094,
        1.0
      ],
      "name": "Light"
    },
    {
      "children": [
        5
      ],
      "matrix": [
        1.0,
        0.0,
        0.0,
        0.0,
        0.0,
        2.220446049250313e-16,
        1.0,
        0.0,
        0.0,
        -1.0,
        2.220446049250313e-16,
        0.0,
        0.0,
        0.0,
        0.0,
        1.0
      ],
      "name": "Object_4"
    },
    {
      "name": "Object_5"
    },
    {
      "children": [
        7
      ],
      "matrix": [
        -65.15583280329096,
        -44.52713576570858,
        -61.41703047373549,
        0.0,
        -32.40134137821245,
        89.53957451233616,
        -30.542088974418615,
        0.0,
        68.59205472129975,
        -1.0718647115348782e-05,
        -72.7676336239627,
        0.0,
        735.88916015625,
        495.8309326171875,
        692.5791015625,
        1.0
      ],
      "name": "Camera"
    },
    {
      "name": "Object_7"
    },
    {
      "children": [
        9
      ],
      "matrix": [
        0.9328504649540023,
        0.34528793689967613,
        -0.10279168963190127,
        0.0,
        -0.3602636621947506,
        0.8940731579850478,
        -0.2661640131059614,
        0.0,
        6.760151713627423e-08,
        0.2853233339298941,
        0.9584312577883922,
        0.0,
        -25.0,
        15.906861305236816,
        -25.0,
        1.0
      ],
      "name": "Matrix.001"
    },
    {
      "mesh": 0,
      "name": "Matrix.001_Businessboy2_material_0"
    },
    {
      "children": [
        11
      ],
      "matrix": [
        0.6236247514904818,
        0.20476164531285213,
        -0.7544301411908254,
        0.0,
        -0.6946302724673117,
        0.5878415759312359,
        -0.41464571163665664,
        0.0,
        0.3585818649909993,
        0.7826333434089394,
        0.5088261941804116,
        0.0,
        -9.25034236907959,
        -10.690084457397461,
        -20.609975814819336,
        1.0
      ],
      "name": "Matrix_1"
    },
    {
      "mesh": 1,
      "name": "Matrix_1_Businessboy2_material_0"
    },
    {
      "children": [
        13
      ],
      "matrix": [
        0.4423144182534542,
        0.683886010114267,
        0.5802222682516565,
        0.0,
        -0.41460710643472737,
        0.7295888305853349,
        -0.5438758740463308,
        0.0,
        -0.795272835074206,
        -1.3489792977106063e-07,
        0.6062516950846542,
        0.0,
        4.272019863128662,
        8.871149063110352,
        -31.43450355529785,
        1.0
      ],
      "name": "Matrix_2"
    },
    {
      "mesh": 2,
      "name": "Matrix_2_Businessboy2_material_0"
    },
    {
      "children": [
        15
      ],
      "matrix": [
        0.8995986630079271,
        0.37161381607162186,
        0.2294023043019333,
        0.0,
        -0.31841069470846967,
        0.9176298664839597,
        -0.2378446081623461,
        0.0,
        -0.29889273052356874,
        0.1409205360264695,
        0.9438243581074245,
        0.0,
        -12.958313941955566,
        28.24004364013672,
        -28.215269088745117,
        1.0
      ],
      "name": "Matrix_3"
    },
    {
      "mesh": 3,
      "name": "Matrix_3_Businessboy2_material_0"
    }
  ],
  "samplers": [
    {
      "magFilter": 9728,
      "minFilter": 9728,
      "wrapS": 10497,
      "wrapT": 10497
    },
    {
      "magFilter": 9729,
      "minFilter": 9987,
      "wrapS": 10497,
      "wrapT": 10497
    }
  ],
  "scene": 0,
  "scenes": [
    {
      "name": "Sketchfab_Scene",
      "nodes": [
        0
      ]
    }
  ],
  "textures": [
    {
      "sampler": 0,
      "source": 0
    },
    {
      "sampler": 1,
      "source": 1
    },
    {
      "sampler": 1,
      "source": 2
    },
    {
      "sampler": 1,
      "source": 3
    }
  ]
}
